0410 [8] c1 fe 77 fd c8 03 76 02
0510 [8] 20 1c 38 10 36 30 6c fb
0710 [8] 1a 03 35 00 d0 03 00 00
0620 [6] 01 00 22 00 d4 0c
0720 [6] d7 03 00 00 03 00
0630 [6] 01 00 22 00 d4 0c
0730 [8] 78 29 68 2d 0c 1b 40 2b
0740 [8] 01 00 28 16 d0 30 00 00
0610 [6] 02 00 af 00 f3 e7
0630 [6] 01 00 22 00 d4 0c
0750 [8] e0 3f 90 09 3a 01 49 01
0650 [6] 02 00 41 00 00 00
0511 [6] 02 00 3e 00 78 00
0620 [6] 01 00 22 00 d4 0c
0630 [6] 01 00 22 00 d4 0c
0100 [3] 00 00 01
0200 [5] 0a 00 3c 0a 06
0310 [8] 99 c1 ea 09 ff 0c ff 03
0410 [8] ee ff 8a 02 88 fd 1f 02
0510 [8] 20 1c c7 13 d9 39 bf fc
0620 [6] 01 00 22 00 d4 0c
0710 [8] b1 02 14 00 07 03 00 00
0630 [6] 01 00 22 00 d4 0c
0720 [6] 09 03 00 00 03 00
0730 [8] 20 2e 60 1d 18 1b a0 2b
0740 [8] 01 00 f0 15 bc 30 00 00
0610 [6] 02 00 b0 00 3c 00
0630 [6] 01 00 22 00 d4 0c
0750 [8] d0 3f 72 09 3b 01 45 01
0650 [6] 02 00 42 00 00 00
0511 [6] 02 00 00 00 00 00
0620 [6] 01 00 22 00 d4 0c
0630 [6] 01 00 22 00 d4 0c
0100 [3] 00 00 01
0200 [5] 0a 00 03 07 06
0310 [8] b1 c0 06 fb b7 09 0e 04
0410 [8] 55 fe eb 00 c0 00 45 01
0510 [8] 20 1c 85 15 42 3e 55 ff
0710 [8] d3 01 9a 00 e3 01 f6 ff
0620 [6] 01 00 22 00 d4 0c
0720 [6] d5 01 00 00 03 00
0630 [6] 01 00 22 00 d4 0c
0730 [8] f8 2d b8 2d 34 1b 48 02
0740 [8] 01 00 c0 13 c4 30 00 00
0610 [6] 02 00 b1 00 c8 00
0630 [6] 01 00 22 00 d4 0c
0750 [8] f0 3f 6a 09 3b 01 49 01
0650 [6] 02 00 43 00 00 00
0511 [6] 02 00 01 00 00 00
0620 [6] 01 00 22 00 d4 0c
0630 [6] 01 00 22 00 d4 0c
0100 [3] 00 00 01
0200 [5] 0a 00 a4 03 06
0310 [8] 7e 2b f9 2d d1 08 1d 04
0410 [8] 17 ff b1 00 38 00 be 00
0510 [8] 20 1c 47 15 3d 3c fd 00
0710 [8] f5 00 11 00 f3 00 e2 ff
0620 [6] 01 00 22 00 d4 0c
0720 [6] f1 00 00 00 03 00
0630 [6] 01 00 22 00 d4 0c
0730 [8] 10 2e d8 2d 6c 1b 98 13
0740 [8] 01 00 98 11 dc 30 00 00
0610 [6] 02 00 b2 00 00 40
0630 [6] 01 00 22 00 d4 0c
0750 [8] f0 3f 02 09 3a 01 49 01
0650 [6] 02 00 44 00 00 00
0511 [6] 02 00 02 00 00 00
0620 [6] 01 00 22 00 d4 0c
0630 [6] 01 00 22 00 d4 0c
0100 [3] 00 00 01
0200 [5] 0a 00 91 00 06
0310 [8] ea c5 ad e4 93 05 2c 04
0410 [8] 11 00 e7 ff 08 00 0d 00
0510 [8] 20 1c 67 13 46 36 5b 01
0710 [8] 21 00 7d 00 2a 00 00 00
0620 [6] 01 00 22 00 d4 0c
0720 [6] 27 00 00 00 03 00
0630 [6] 01 00 22 00 d4 0c
0730 [8] d0 20 30 2e 6c 1b 18 2c
0740 [8] 01 00 a4 0f b4 30 00 00
0610 [6] 02 00 b3 00 70 17
0630 [6] 01 00 22 00 d4 0c
0750 [8] f0 3f 6a 09 3b 01 46 01
0511 [6] 02 00 03 00 00 00
0650 [6] 02 00 45 00 00 00
0620 [6] 01 00 22 00 d4 0c
0630 [6] 01 00 22 00 d4 0c
0100 [3] 00 00 01
0200 [5] 28 00 00 00 06
0310 [8] 1b 14 e9 c3 9a 03 39 04
0410 [8] 20 00 f0 ff f0 ff 0f 00
0510 [8] 00 00 a3 10 36 2e 3d 02
0710 [8] 0c 00 2c 00 00 00 00 00
0620 [6] 01 00 22 00 d4 0c
0720 [6] 00 00 00 00 03 00
0630 [6] 01 00 22 00 d4 0c
0730 [8] 08 2c f8 2d 8c 1b 08 2c
0740 [8] 01 00 9c 0e b8 30 00 00
0610 [6] 02 00 b4 00 01 00
0630 [6] 01 00 22 00 d4 0c
0750 [8] f0 3f 34 09 3b 01 49 01
0650 [6] 02 00 46 00 00 00
0511 [6] 02 00 04 00 00 00
0620 [6] 01 00 22 00 d4 0c
0630 [6] 01 00 22 00 d4 0c
0100 [3] 00 00 01
0200 [5] 28 00 00 00 06
0310 [8] 77 3c c3 14 3b 0d 43 04
0410 [8] d1 ff 1f 00 10 00 01 00
0510 [8] 00 00 d0 0d fc 25 a9 01
0710 [8] 31 00 e7 ff 00 00 00 00
0620 [6] 01 00 22 00 d4 0c
0720 [6] 00 00 00 00 03 00
0630 [6] 01 00 22 00 d4 0c
0730 [8] 80 2e 10 2e 80 1b d8 2b
0740 [8] 01 00 90 0e b0 30 00 00
0610 [6] 02 00 b5 00 00 0c
0630 [6] 01 00 22 00 d4 0c
0750 [8] f0 3f 1e 09 3a 01 4a 01
0650 [6] 02 00 47 00 00 00
0511 [6] 02 00 05 00 00 00
0620 [6] 01 00 22 00 d4 0c
0630 [6] 01 00 22 00 d4 0c
0100 [3] 00 00 01
0200 [5] 28 00 00 00 06
0310 [8] ce 03 6d 3f 43 00 4c 04
0410 [8] 2e 00 12 00 c0 ff 1a 00
0510 [8] 00 00 24 0b bc 1e 2b 01
0710 [8] 2d 00 02 00 00 00 00 00
0620 [6] 01 00 22 00 d4 0c
0720 [6] 00 00 00 00 03 00
0630 [6] 01 00 22 00 d4 0c
0730 [8] 78 2e 38 2e 8c 1b 40 2c
0740 [8] 01 00 48 0e d0 30 00 00
0610 [6] 02 00 b6 00 a3 0a
0630 [6] 01 00 22 00 d4 0c
0750 [8] f0 3f 2e 09 3c 01 4d 01
0650 [6] 02 00 48 00 00 00
0511 [6] 02 00 06 00 00 00
0620 [6] 01 00 22 00 d4 0c
0630 [6] 01 00 22 00 d4 0c
0100 [3] 00 00 01
0200 [5] 28 00 00 00 06
0310 [8] 00 f6 a2 3e 5b 0b 53 04
0410 [8] 0a 00 06 00 f0 ff 00 00
0510 [8] 00 00 a6 08 19 18 67 01
0710 [8] 2e 00 1c 00 00 00 00 00
0620 [6] 01 00 22 00 d4 0c
0720 [6] 00 00 00 00 03 00
0630 [6] 01 00 22 00 d4 0c
0730 [8] b0 2e 70 2e 8c 1b 50 2c
0740 [8] 01 00 34 0e b4 30 00 00
0610 [6] 02 00 b7 00 01 00
0630 [6] 01 00 22 00 d4 0c
0750 [8] 55 3f 4a 09 3a 01 4a 01
0511 [6] 02 00 07 00 00 00
0650 [6] 02 00 49 00 00 00
0620 [6] 01 00 22 00 d4 0c
0630 [6] 01 00 22 00 d4 0c
0100 [3] 00 00 01
0200 [5] 28 00 00 00 06
0310 [8] 8f 3d ab 0e f4 0d 58 04
0410 [8] 0a 00 16 00 e0 ff 07 00
0510 [8] 00 00 3b 06 16 11 e8 00
0710 [8] 07 00 f8 ff 00 00 00 00
0620 [6] 01 00 22 00 d4 0c
0720 [6] 00 00 00 00 03 00
0630 [6] 01 00 22 00 d4 0c
0730 [8] 78 2e 38 2e 8c 1b 38 2c
0740 [8] 01 00 28 0e c8 30 00 00
0610 [6] 02 00 b8 00 00 00
0630 [6] 01 00 22 00 d4 0c
0650 [6] 02 00 4a 00 00 00
0750 [8] 55 3f f8 08 3d 01 4a 01
0511 [6] 02 00 08 00 00 00
0620 [6] 01 00 22 00 d4 0c
0630 [6] 01 00 22 00 d4 0c
0100 [3] 00 00 01
0200 [5] 28 00 00 00 06
0310 [8] a6 c9 d5 20 5b 01 5c 04
0410 [8] fc ff 24 00 e0 ff 04 00
0510 [8] 00 00 28 04 03 0b 19 00
0710 [8] 14 00 38 00 00 00 00 00
0620 [6] 01 00 22 00 d4 0c
0720 [6] 00 00 00 00 03 00
0630 [6] 01 00 22 00 d4 0c
0730 [8] b8 2e 78 2e 94 1b 68 2c
0740 [8] 01 00 2c 0e bc 30 00 00
0610 [6] 02 00 b9 00 01 00
0630 [6] 01 00 22 00 d4 0c
0750 [8] ff 3f c4 08 3c 01 45 01
0650 [6] 02 00 4b 00 00 00
0511 [6] 02 00 09 00 28 00
0620 [6] 01 00 22 00 d4 0c
0630 [6] 01 00 22 00 d4 0c
0100 [3] 00 00 01
0200 [5] 28 00 00 00 06
0310 [8] fd 06 5d 3f ea 0d 5e 04
0410 [8] e6 ff 02 00 18 00 ff ff
0510 [8] 00 00 1c 02 7a 05 52 00
0710 [8] 1d 00 f2 ff 00 00 00 00
0620 [6] 01 00 22 00 d4 0c
0720 [6] 00 00 00 00 03 00
0630 [6] 01 00 22 00 d4 0c
0730 [8] d8 2e 98 2e a0 1b 98 2c
0740 [8] 01 00 20 0e d0 30 00 00
0610 [6] 02 00 ba 00 00 00
0630 [6] 01 00 22 00 d4 0c
0750 [8] 55 3f 10 09 3b 01 4b 01
0650 [6] 02 00 4c 00 00 00
0511 [6] 02 00 0a 00 00 00
0620 [6] 01 00 22 00 d4 0c
0630 [6] 01 00 22 00 d4 0c
0100 [3] 00 00 01
0200 [5] 28 00 00 00 06
0310 [8] ae c0 a9 06 39 0a 5f 04
0410 [8] fc ff 1c 00 e8 ff ff ff
0510 [8] 00 00 3d 00 6e 00 36 00
0620 [6] 01 00 22 00 d4 0c
0710 [8] 21 00 04 00 00 00 00 00
0630 [6] 01 00 22 00 d4 0c
0720 [6] 00 00 00 00 03 00
0730 [8] b8 2e a0 2e 94 1b 90 2c
0740 [8] 01 00 34 0e b8 30 00 00
0610 [6] 02 00 bb 00 78 00
0630 [6] 01 00 22 00 d4 0c
0650 [6] 02 00 4d 00 00 00
0750 [8] ff 3f c8 09 3c 01 49 01
0511 [6] 02 00 0b 00 28 00
0620 [6] 01 00 22 00 d4 0c
0630 [6] 01 00 22 00 d4 0c
0100 [3] 00 00 01
0200 [5] 14 00 00 00 04
0310 [8] f7 c0 38 07 39 0a 5f 04
0410 [8] 74 ff 74 00 18 00 00 00
0510 [8] 00 00 fb ff c6 00 e0 00
0710 [8] 79 00 99 ff 00 00 00 00
0620 [6] 01 00 22 00 d4 0c
0720 [6] 00 00 00 00 03 00
0630 [6] 01 00 22 00 d4 0c
0730 [8] 78 d3 68 d3 a4 1b b8 d1
0740 [8] 01 00 18 0b c8 30 00 00
0610 [6] 02 00 bc 00 1e 00
0630 [6] 01 00 22 00 d4 0c
0750 [8] ff 3f e0 08 3b 01 4a 01
0650 [6] 02 00 4e 00 00 00
0511 [6] 02 00 0c 00 00 00
0620 [6] 01 00 22 00 d4 0c
0630 [6] 01 00 22 00 d4 0c
0100 [3] 00 00 01
0200 [5] 14 00 00 00 04
0310 [8] e9 c0 1b 07 43 0a 5f 04
0410 [8] ad ff 8b 00 c8 ff 00 00
0510 [8] 00 00 fe ff b9 00 e2 00
0710 [8] 41 00 72 ff 00 00 00 00
0620 [6] 01 00 22 00 d4 0c
0720 [6] 00 00 00 00 03 00
0630 [6] 01 00 22 00 d4 0c
0730 [8] 30 d4 18 d4 a8 1b 68 d2
0740 [8] 01 00 24 0b bc 30 00 00
0610 [6] 02 00 bd 00 3c 00
0630 [6] 01 00 22 00 d4 0c
0750 [8] ff 3f 7c 08 3b 01 47 01
0650 [6] 02 00 4f 00 00 00
0511 [6] 02 00 0d 00 37 01
0620 [6] 01 00 22 00 d4 0c
0630 [6] 01 00 22 00 d4 0c
0100 [3] 00 00 01
0200 [5] 14 00 00 00 04
0310 [8] 9f c0 e2 06 48 0a 5f 04
0410 [8] 90 ff 90 00 e0 ff 00 00
0510 [8] 00 00 f9 ff ba 00 e8 00
0710 [8] 61 00 93 ff 00 00 00 00
0620 [6] 01 00 22 00 d4 0c
0720 [6] 00 00 00 00 03 00
0630 [6] 01 00 22 00 d4 0c
0730 [8] 30 d4 20 d4 a8 1b 68 d2
0740 [8] 01 00 1c 0b c4 30 00 00
0610 [6] 02 00 be 00 80 3e
0630 [6] 01 00 22 00 d4 0c
0750 [8] ff 3f 98 08 3b 01 4a 01
0650 [6] 02 00 50 00 00 00
0511 [6] 02 00 0e 00 00 00
0620 [6] 01 00 22 00 d4 0c
0630 [6] 01 00 22 00 d4 0c
0100 [3] 00 00 01
0200 [5] 14 00 00 00 04
0310 [8] da c0 d4 06 43 0a 5f 04
0410 [8] 9f ff 79 00 e8 ff 00 00
0510 [8] 00 00 03 00 ba 00 de 00
0620 [6] 01 00 22 00 d4 0c
0710 [8] 4e 00 93 ff 00 00 00 00
0630 [6] 01 00 22 00 d4 0c
0720 [6] 00 00 00 00 03 00
0730 [8] 50 d4 40 d4 b0 1b 90 d2
0740 [8] 01 00 24 0b bc 30 00 00
0610 [6] 02 00 bf 00 3c 00
0630 [6] 01 00 22 00 d4 0c
0750 [8] ff 3f 5e 09 3b 01 4b 01
0650 [6] 02 00 51 00 00 00
0511 [6] 02 00 0f 00 27 00
0620 [6] 01 00 22 00 d4 0c
0630 [6] 01 00 22 00 d4 0c
0100 [3] 00 00 01
0200 [5] 14 00 00 00 04
0310 [8] da c0 d4 06 43 0a 5f 04
0410 [8] b4 ff 94 00 b8 ff 00 00
0510 [8] 00 00 fd ff bc 00 e7 00
0710 [8] 55 00 a0 ff 00 00 00 00
0620 [6] 01 00 22 00 d4 0c
0720 [6] 00 00 00 00 03 00
0630 [6] 01 00 22 00 d4 0c
0730 [8] 28 d4 10 d4 94 1b 68 d2
0740 [8] 01 00 28 0b e0 30 00 00
0610 [6] 02 00 c0 00 01 00
0630 [6] 01 00 22 00 d4 0c
0750 [8] ff 3f 72 08 3b 01 4a 01
0650 [6] 02 00 52 00 00 00
0511 [6] 02 00 10 00 00 00
0620 [6] 01 00 22 00 d4 0c
0630 [6] 01 00 22 00 d4 0c
0100 [3] 00 00 01
0200 [5] 14 00 00 00 04
0310 [8] da c0 f1 06 43 0a 5f 04
0410 [8] ad ff 7b 00 d8 ff 00 00
0510 [8] 00 00 fe ff b7 00 e8 00
0710 [8] 44 00 8d ff 00 00 00 00
0620 [6] 01 00 22 00 d4 0c
0720 [6] 00 00 00 00 03 00
0630 [6] 01 00 22 00 d4 0c
0730 [8] 50 d4 30 d4 a0 1b 80 d2
0740 [8] 01 00 2c 0b cc 30 00 00
0610 [6] 02 00 c1 00 00 00
0630 [6] 01 00 22 00 d4 0c
0750 [8] ff 3f dc 08 3b 01 49 01
0650 [6] 02 00 53 00 00 00
0511 [6] 02 00 11 00 00 00
0620 [6] 01 00 22 00 d4 0c
0630 [6] 01 00 22 00 d4 0c
0100 [3] 00 00 01
0200 [5] 14 00 00 00 04
0310 [8] 06 c1 2a 07 39 0a 5f 04
0410 [8] a6 ff 7a 00 e0 ff 00 00
0510 [8] 00 00 fb ff bb 00 f5 00
0710 [8] 5e 00 78 ff 00 00 00 00
0620 [6] 01 00 22 00 d4 0c
0720 [6] 00 00 00 00 03 00
0630 [6] 01 00 22 00 d4 0c
0730 [8] 40 d4 20 d4 98 1b 78 d2
0740 [8] 01 00 28 0b d4 30 00 00
0610 [6] 02 00 c2 00 0a 00
0630 [6] 01 00 22 00 d4 0c
0750 [8] ff 3f 7a 08 3a 01 4a 01
0650 [6] 02 00 54 00 00 00
0511 [6] 02 00 12 00 11 00
0620 [6] 01 00 22 00 d4 0c
0630 [6] 01 00 22 00 d4 0c
